
 Epoch: 0
prices: 0 0 0 0 0 0 0 0 0 0 0 0 0 0 0 0 0 0 0 0 0 0 0 0 0 0 0 0 0 0 0 0 0 0 0 0 0 0 0 0 0 0 0
z: -0.0 88.0 -0.0 42.0 -0.0 8.0 -0.0 -0.0 -0.0 -0.0 -0.0 -0.0 4.0 -0.0 -0.0 57.0 38.0 -0.0 -0.0 -0.0 3.0 -0.0 1.0 -0.0 -0.0 -0.0 -0.0 28.0 -0.0 -0.0 -0.0 139.0 -0.0 -0.0 -0.0 -0.0 -0.0 -0.0 11.0 -0.0 -0.0 -0.0 -0.0

 Epoch: 1
prices: 0.0 0.0044 0.0 0.0021000000000000003 0.0 0.0004 0.0 0.0 0.0 0.0 0.0 0.0 0.0002 0.0 0.0 0.00285 0.0019 0.0 0.0 0.0 0.00015000000000000001 0.0 5e-05 0.0 0.0 0.0 0.0 0.0014 0.0 0.0 0.0 0.0069500000000000004 0.0 0.0 0.0 0.0 0.0 0.0 0.00055 0.0 0.0 0.0 0.0
z: -0.0 -0.0 0.0 -0.0 -0.0 -0.0 -0.0 -0.0 -0.0 -0.0 -0.0 0.0 -0.0 0.0 0.0 -0.0 -0.0 0.0 -0.0 0.0 -0.0 0.0 -0.0 0.0 -0.0 -0.0 0.0 -0.0 0.0 0.0 -0.0 -0.0 0.0 0.0 -0.0 0.0 0.0 -0.0 -0.0 -0.0 0.0 0.0 0.0

 Epoch: 2
prices: 0.0 0.0044 0.0 0.0021000000000000003 0.0 0.0004 0.0 0.0 0.0 0.0 0.0 0.0 0.0002 0.0 0.0 0.00285 0.0019 0.0 0.0 0.0 0.00015000000000000001 0.0 5e-05 0.0 0.0 0.0 0.0 0.0014 0.0 0.0 0.0 0.0069500000000000004 0.0 0.0 0.0 0.0 0.0 0.0 0.00055 0.0 0.0 0.0 0.0
z: -0.0 -0.0 0.0 -0.0 -0.0 -0.0 -0.0 -0.0 -0.0 -0.0 -0.0 0.0 -0.0 0.0 0.0 -0.0 -0.0 0.0 -0.0 0.0 -0.0 0.0 -0.0 0.0 -0.0 -0.0 0.0 -0.0 0.0 0.0 -0.0 -0.0 0.0 0.0 -0.0 0.0 0.0 -0.0 -0.0 -0.0 0.0 0.0 0.0

 Epoch: 3
prices: 0.0 0.0044 0.0 0.0021000000000000003 0.0 0.0004 0.0 0.0 0.0 0.0 0.0 0.0 0.0002 0.0 0.0 0.00285 0.0019 0.0 0.0 0.0 0.00015000000000000001 0.0 5e-05 0.0 0.0 0.0 0.0 0.0014 0.0 0.0 0.0 0.0069500000000000004 0.0 0.0 0.0 0.0 0.0 0.0 0.00055 0.0 0.0 0.0 0.0
z: -0.0 -0.0 0.0 -0.0 -0.0 -0.0 -0.0 -0.0 -0.0 -0.0 -0.0 0.0 -0.0 0.0 0.0 -0.0 -0.0 0.0 -0.0 0.0 -0.0 0.0 -0.0 0.0 -0.0 -0.0 0.0 -0.0 0.0 0.0 -0.0 -0.0 0.0 0.0 -0.0 0.0 0.0 -0.0 -0.0 -0.0 0.0 0.0 0.0

 Epoch: 4
prices: 0.0 0.0044 0.0 0.0021000000000000003 0.0 0.0004 0.0 0.0 0.0 0.0 0.0 0.0 0.0002 0.0 0.0 0.00285 0.0019 0.0 0.0 0.0 0.00015000000000000001 0.0 5e-05 0.0 0.0 0.0 0.0 0.0014 0.0 0.0 0.0 0.0069500000000000004 0.0 0.0 0.0 0.0 0.0 0.0 0.00055 0.0 0.0 0.0 0.0
z: -0.0 -0.0 0.0 -0.0 -0.0 -0.0 -0.0 -0.0 -0.0 -0.0 -0.0 0.0 -0.0 0.0 0.0 -0.0 -0.0 0.0 -0.0 0.0 -0.0 0.0 -0.0 0.0 -0.0 -0.0 0.0 -0.0 0.0 0.0 -0.0 -0.0 0.0 0.0 -0.0 0.0 0.0 -0.0 -0.0 -0.0 0.0 0.0 0.0

 Epoch: 5
prices: 0.0 0.0044 0.0 0.0021000000000000003 0.0 0.0004 0.0 0.0 0.0 0.0 0.0 0.0 0.0002 0.0 0.0 0.00285 0.0019 0.0 0.0 0.0 0.00015000000000000001 0.0 5e-05 0.0 0.0 0.0 0.0 0.0014 0.0 0.0 0.0 0.0069500000000000004 0.0 0.0 0.0 0.0 0.0 0.0 0.00055 0.0 0.0 0.0 0.0
z: -0.0 -0.0 0.0 -0.0 -0.0 -0.0 -0.0 -0.0 -0.0 -0.0 -0.0 0.0 -0.0 0.0 0.0 -0.0 -0.0 0.0 -0.0 0.0 -0.0 0.0 -0.0 0.0 -0.0 -0.0 0.0 -0.0 0.0 0.0 -0.0 -0.0 0.0 0.0 -0.0 0.0 0.0 -0.0 -0.0 -0.0 0.0 0.0 0.0

 Epoch: 6
prices: 0.0 0.0044 0.0 0.0021000000000000003 0.0 0.0004 0.0 0.0 0.0 0.0 0.0 0.0 0.0002 0.0 0.0 0.00285 0.0019 0.0 0.0 0.0 0.00015000000000000001 0.0 5e-05 0.0 0.0 0.0 0.0 0.0014 0.0 0.0 0.0 0.0069500000000000004 0.0 0.0 0.0 0.0 0.0 0.0 0.00055 0.0 0.0 0.0 0.0
z: -0.0 -0.0 0.0 -0.0 -0.0 -0.0 -0.0 -0.0 -0.0 -0.0 -0.0 0.0 -0.0 0.0 0.0 -0.0 -0.0 0.0 -0.0 0.0 -0.0 0.0 -0.0 0.0 -0.0 -0.0 0.0 -0.0 0.0 0.0 -0.0 -0.0 0.0 0.0 -0.0 0.0 0.0 -0.0 -0.0 -0.0 0.0 0.0 0.0

 Epoch: 7
prices: 0.0 0.0044 0.0 0.0021000000000000003 0.0 0.0004 0.0 0.0 0.0 0.0 0.0 0.0 0.0002 0.0 0.0 0.00285 0.0019 0.0 0.0 0.0 0.00015000000000000001 0.0 5e-05 0.0 0.0 0.0 0.0 0.0014 0.0 0.0 0.0 0.0069500000000000004 0.0 0.0 0.0 0.0 0.0 0.0 0.00055 0.0 0.0 0.0 0.0
z: -0.0 -0.0 0.0 -0.0 -0.0 -0.0 -0.0 -0.0 -0.0 -0.0 -0.0 0.0 -0.0 0.0 0.0 -0.0 -0.0 0.0 -0.0 0.0 -0.0 0.0 -0.0 0.0 -0.0 -0.0 0.0 -0.0 0.0 0.0 -0.0 -0.0 0.0 0.0 -0.0 0.0 0.0 -0.0 -0.0 -0.0 0.0 0.0 0.0

 Epoch: 8
prices: 0.0 0.0044 0.0 0.0021000000000000003 0.0 0.0004 0.0 0.0 0.0 0.0 0.0 0.0 0.0002 0.0 0.0 0.00285 0.0019 0.0 0.0 0.0 0.00015000000000000001 0.0 5e-05 0.0 0.0 0.0 0.0 0.0014 0.0 0.0 0.0 0.0069500000000000004 0.0 0.0 0.0 0.0 0.0 0.0 0.00055 0.0 0.0 0.0 0.0
z: -0.0 -0.0 0.0 -0.0 -0.0 -0.0 -0.0 -0.0 -0.0 -0.0 -0.0 0.0 -0.0 0.0 0.0 -0.0 -0.0 0.0 -0.0 0.0 -0.0 0.0 -0.0 0.0 -0.0 -0.0 0.0 -0.0 0.0 0.0 -0.0 -0.0 0.0 0.0 -0.0 0.0 0.0 -0.0 -0.0 -0.0 0.0 0.0 0.0

 Epoch: 9
prices: 0.0 0.0044 0.0 0.0021000000000000003 0.0 0.0004 0.0 0.0 0.0 0.0 0.0 0.0 0.0002 0.0 0.0 0.00285 0.0019 0.0 0.0 0.0 0.00015000000000000001 0.0 5e-05 0.0 0.0 0.0 0.0 0.0014 0.0 0.0 0.0 0.0069500000000000004 0.0 0.0 0.0 0.0 0.0 0.0 0.00055 0.0 0.0 0.0 0.0
z: -0.0 -0.0 0.0 -0.0 -0.0 -0.0 -0.0 -0.0 -0.0 -0.0 -0.0 0.0 -0.0 0.0 0.0 -0.0 -0.0 0.0 -0.0 0.0 -0.0 0.0 -0.0 0.0 -0.0 -0.0 0.0 -0.0 0.0 0.0 -0.0 -0.0 0.0 0.0 -0.0 0.0 0.0 -0.0 -0.0 -0.0 0.0 0.0 0.0
